0
0
0
Hero
@
10
25
10
1000
1+2d6
0
0
0
0
1
1
0
21
80
1
2
1680
5
255
0
0
0
0
5
255
0
0
1
0
5
255
0
0
2
0
5
255
0
0
3
0
5
255
0
0
4
0
5
255
0
0
5
0
5
255
0
0
6
0
5
255
0
0
7
0
5
255
0
0
8
0
5
255
0
0
9
0
5
255
0
0
10
0
5
255
0
0
11
0
5
255
0
0
12
0
5
255
0
0
13
0
5
255
0
0
14
0
5
255
0
0
15
0
5
255
0
0
16
0
5
255
0
0
17
0
5
255
0
0
18
0
5
255
0
0
19
0
5
255
0
0
20
0
5
255
0
0
21
0
5
255
0
0
22
0
5
255
0
0
23
0
5
255
0
0
24
0
5
255
0
0
25
0
5
255
0
0
26
0
5
255
0
0
27
0
5
255
0
0
28
0
5
255
0
0
29
0
5
255
0
0
30
0
5
255
0
0
31
0
5
255
0
0
32
0
5
255
0
0
33
0
5
255
0
0
34
0
5
255
0
0
35
0
5
255
0
0
36
0
5
255
0
0
37
0
5
255
0
0
38
0
5
255
0
0
39
0
5
255
0
0
40
0
5
255
0
0
41
0
5
255
0
0
42
0
5
255
0
0
43
0
5
255
0
0
44
0
5
255
0
0
45
0
5
255
0
0
46
0
5
255
0
0
47
0
5
255
0
0
48
0
5
255
0
0
49
0
5
255
0
0
50
0
5
255
0
0
51
0
5
255
0
0
52
0
5
255
0
0
53
0
5
255
0
0
54
0
5
255
0
0
55
0
5
255
0
0
56
0
5
255
0
0
57
0
5
255
0
0
58
0
5
255
0
0
59
0
5
255
0
0
60
0
5
255
0
0
61
0
5
255
0
0
62
0
5
255
0
0
63
0
5
255
0
0
64
0
5
255
0
0
65
0
5
255
0
0
66
0
5
255
0
0
67
0
5
255
0
0
68
0
5
255
0
0
69
0
5
255
0
0
70
0
5
255
0
0
71
0
5
255
0
0
72
0
5
255
0
0
73
0
5
255
0
0
74
0
5
255
0
0
75
0
5
255
0
0
76
0
5
255
0
0
77
0
5
255
0
0
78
0
5
255
0
0
79
0
5
255
0
1
0
0
0
129
0
1
1
0
0
79
0
1
2
0
0
44
0
1
3
0
0
245
0
1
4
0
0
204
0
1
5
0
0
176
0
1
6
0
0
27
0
1
7
0
0
199
0
1
8
0
0
35
0
1
9
0
0
87
0
1
10
0
0
148
0
1
11
0
0
137
0
1
12
0
0
228
0
1
13
0
0
151
0
1
14
0
0
220
0
1
15
0
0
219
0
1
16
0
0
100
0
1
17
0
0
159
0
1
18
0
0
60
0
1
19
0
0
57
0
1
20
0
0
240
0
1
21
0
0
154
0
1
22
0
0
143
0
1
23
0
0
118
0
1
24
0
0
111
0
1
25
0
0
219
0
1
26
0
0
216
0
1
27
0
0
169
0
1
28
0
0
114
0
1
29
0
0
230
0
1
30
0
0
221
0
1
31
0
0
234
0
1
32
0
0
54
0
1
33
0
0
10
0
1
34
0
0
225
0
1
35
0
0
249
0
1
36
0
0
186
0
1
37
0
0
243
0
1
38
0
0
194
0
1
39
0
0
212
0
1
40
0
0
67
0
1
41
0
0
87
0
1
42
0
0
86
0
1
43
0
0
40
0
1
44
0
0
229
0
1
45
0
0
51
0
1
46
0
0
4
0
1
47
0
0
67
0
1
48
0
0
210
0
1
49
0
0
56
0
1
50
0
0
123
0
1
51
0
0
187
0
1
52
0
0
209
0
1
53
0
0
11
0
1
54
0
0
50
0
1
55
0
0
57
0
1
56
0
0
222
0
1
57
0
0
12
0
1
58
0
1
0
0
1
59
0
1
0
0
1
60
0
1
0
0
1
61
0
1
0
0
1
62
0
2
0
0
1
63
0
0
32
0
1
64
0
0
193
0
1
65
0
0
14
0
1
66
0
0
26
0
1
67
0
0
116
0
1
68
0
0
3
0
1
69
0
0
211
0
1
70
0
0
73
0
1
71
0
0
61
0
1
72
0
0
43
0
1
73
0
0
150
0
1
74
0
0
93
0
1
75
0
0
10
0
1
76
0
0
193
0
1
77
0
0
88
0
1
78
0
5
255
0
1
79
0
5
255
0
2
0
0
0
143
0
2
1
0
0
190
0
2
2
0
0
72
0
2
3
0
0
98
0
2
4
0
0
201
0
2
5
0
0
122
0
2
6
0
0
146
0
2
7
0
0
160
0
2
8
0
0
125
0
2
9
0
0
117
0
2
10
0
0
232
0
2
11
0
0
103
0
2
12
0
0
45
0
2
13
0
0
29
0
2
14
0
0
126
0
2
15
0
0
237
0
2
16
0
0
43
0
2
17
0
0
143
0
2
18
0
0
90
0
2
19
0
0
37
0
2
20
0
0
100
0
2
21
0
0
154
0
2
22
0
0
97
0
2
23
0
0
134
0
2
24
0
1
0
0
2
25
0
1
0
0
2
26
0
1
0
0
2
27
0
1
0
0
2
28
0
0
23
0
2
29
0
0
210
0
2
30
0
0
127
0
2
31
0
0
157
0
2
32
0
0
146
0
2
33
0
0
198
0
2
34
0
0
246
0
2
35
0
0
84
0
2
36
0
0
57
0
2
37
0
0
138
0
2
38
0
0
243
0
2
39
0
0
173
0
2
40
0
0
246
0
2
41
0
0
212
0
2
42
0
0
13
0
2
43
0
0
36
0
2
44
0
0
232
0
2
45
0
0
138
0
2
46
0
0
11
0
2
47
0
0
20
0
2
48
0
0
27
0
2
49
0
0
100
0
2
50
0
0
48
0
2
51
0
0
126
0
2
52
0
0
246
0
2
53
0
0
145
0
2
54
0
0
5
0
2
55
0
0
41
0
2
56
0
0
71
0
2
57
0
0
140
0
2
58
0
1
0
0
2
59
0
1
0
0
2
60
0
1
0
0
2
61
0
1
0
0
2
62
0
0
242
0
2
63
0
0
240
0
2
64
0
0
81
0
2
65
0
0
233
0
2
66
0
0
61
0
2
67
0
0
138
0
2
68
0
0
116
0
2
69
0
0
41
0
2
70
0
0
56
0
2
71
0
0
107
0
2
72
0
0
252
0
2
73
0
0
69
0
2
74
0
0
135
0
2
75
0
0
230
0
2
76
0
0
198
0
2
77
0
0
145
0
2
78
0
5
255
0
2
79
0
5
255
0
3
0
0
0
236
0
3
1
0
0
35
0
3
2
0
0
87
0
3
3
0
0
227
0
3
4
0
0
171
0
3
5
0
0
92
0
3
6
0
0
5
0
3
7
0
0
241
0
3
8
0
0
223
0
3
9
0
0
24
0
3
10
0
1
0
0
3
11
0
1
0
0
3
12
0
1
0
0
3
13
0
1
0
0
3
14
0
1
0
0
3
15
0
1
0
0
3
16
0
2
0
0
3
17
0
2
0
0
3
18
0
0
125
0
3
19
0
0
129
0
3
20
0
0
142
0
3
21
0
0
172
0
3
22
0
0
235
0
3
23
0
0
131
0
3
24
0
1
0
0
3
25
0
1
0
0
3
26
0
1
0
0
3
27
0
1
0
0
3
28
0
0
251
0
3
29
0
0
77
0
3
30
0
0
137
0
3
31
0
0
225
0
3
32
0
1
0
0
3
33
0
1
0
0
3
34
0
1
0
0
3
35
0
1
0
0
3
36
0
1
0
0
3
37
0
0
194
0
3
38
0
0
5
0
3
39
0
0
29
0
3
40
0
0
217
0
3
41
0
0
68
0
3
42
0
0
83
0
3
43
0
0
124
0
3
44
0
0
110
0
3
45
0
0
115
0
3
46
0
1
0
0
3
47
0
1
0
0
3
48
0
1
0
0
3
49
0
1
0
0
3
50
0
2
0
0
3
51
0
2
0
0
3
52
0
0
144
0
3
53
0
0
231
0
3
54
0
0
217
0
3
55
0
0
122
0
3
56
0
0
84
0
3
57
0
0
61
0
3
58
0
1
0
0
3
59
0
1
0
0
3
60
0
1
0
0
3
61
0
1
0
0
3
62
0
0
34
0
3
63
0
0
239
0
3
64
0
0
148
0
3
65
0
0
223
0
3
66
0
0
3
0
3
67
0
0
200
0
3
68
0
0
154
0
3
69
0
0
253
0
3
70
0
0
220
0
3
71
0
0
116
0
3
72
0
0
59
0
3
73
0
0
41
0
3
74
0
0
231
0
3
75
0
0
168
0
3
76
0
0
155
0
3
77
0
0
87
0
3
78
0
5
255
0
3
79
0
5
255
0
4
0
0
0
59
0
4
1
0
0
32
0
4
2
0
0
202
0
4
3
0
0
203
0
4
4
0
0
9
0
4
5
0
0
157
0
4
6
0
0
70
0
4
7
0
0
84
0
4
8
0
0
209
0
4
9
0
0
104
0
4
10
0
1
0
0
4
11
0
1
0
0
4
12
0
1
0
0
4
13
0
1
0
0
4
14
0
1
0
0
4
15
0
1
0
0
4
16
0
0
149
0
4
17
0
2
0
0
4
18
0
2
0
0
4
19
0
2
0
0
4
20
0
0
59
0
4
21
0
0
63
0
4
22
0
0
155
0
4
23
0
0
117
0
4
24
0
1
0
0
4
25
0
1
0
0
4
26
0
1
0
0
4
27
0
1
0
0
4
28
0
0
210
0
4
29
0
0
58
0
4
30
0
0
103
0
4
31
0
0
15
0
4
32
0
1
0
0
4
33
0
1
0
0
4
34
0
1
0
0
4
35
0
1
0
0
4
36
0
1
0
0
4
37
0
0
24
0
4
38
0
2
0
0
4
39
0
2
0
0
4
40
0
2
0
0
4
41
0
2
0
0
4
42
0
2
0
0
4
43
0
2
0
0
4
44
0
2
0
0
4
45
0
2
0
0
4
46
0
1
0
0
4
47
0
1
0
0
4
48
0
1
0
0
4
49
0
1
0
0
4
50
0
0
178
0
4
51
0
2
0
0
4
52
0
2
0
0
4
53
0
0
71
0
4
54
0
0
249
0
4
55
0
0
58
0
4
56
0
0
194
0
4
57
0
2
0
0
4
58
0
1
0
0
4
59
0
1
0
0
4
60
0
1
0
0
4
61
0
1
0
0
4
62
0
0
155
0
4
63
0
0
156
0
4
64
0
0
196
0
4
65
0
0
109
0
4
66
0
0
245
0
4
67
0
0
131
0
4
68
0
1
0
0
4
69
0
1
0
0
4
70
0
1
0
0
4
71
0
1
0
0
4
72
0
0
219
0
4
73
0
0
246
0
4
74
0
0
134
0
4
75
0
0
210
0
4
76
0
0
22
0
4
77
0
0
184
0
4
78
0
5
255
0
4
79
0
5
255
0
5
0
0
0
85
0
5
1
0
0
10
0
5
2
0
0
251
0
5
3
0
0
40
0
5
4
0
0
72
0
5
5
0
0
238
0
5
6
0
0
97
0
5
7
0
0
3
0
5
8
0
0
254
0
5
9
0
0
141
0
5
10
0
1
0
0
5
11
0
1
0
0
5
12
0
1
0
0
5
13
0
1
0
0
5
14
0
1
0
0
5
15
0
1
0
0
5
16
0
0
136
0
5
17
0
0
203
0
5
18
0
0
96
0
5
19
0
2
0
0
5
20
0
2
0
0
5
21
0
2
0
0
5
22
0
2
0
0
5
23
0
2
0
0
5
24
0
2
0
0
5
25
0
0
118
0
5
26
0
0
15
0
5
27
0
0
128
0
5
28
0
2
0
0
5
29
0
2
0
0
5
30
0
0
231
0
5
31
0
0
132
0
5
32
0
1
0
0
5
33
0
1
0
0
5
34
0
1
0
0
5
35
0
1
0
0
5
36
0
1
0
0
5
37
0
2
0
0
5
38
0
2
0
0
5
39
0
0
194
0
5
40
0
0
138
0
5
41
0
0
63
0
5
42
0
0
5
0
5
43
0
0
170
0
5
44
0
0
98
0
5
45
0
0
218
0
5
46
0
1
0
0
5
47
0
1
0
0
5
48
0
1
0
0
5
49
0
1
0
0
5
50
0
2
0
0
5
51
0
2
0
0
5
52
0
2
0
0
5
53
0
2
0
0
5
54
0
2
0
0
5
55
0
2
0
0
5
56
0
2
0
0
5
57
0
2
0
0
5
58
0
2
0
0
5
59
0
0
125
0
5
60
0
0
171
0
5
61
0
0
22
0
5
62
0
0
249
0
5
63
0
0
18
0
5
64
0
0
241
0
5
65
0
0
150
0
5
66
0
0
181
0
5
67
0
0
180
0
5
68
0
1
0
0
5
69
0
1
0
0
5
70
0
1
0
0
5
71
0
1
0
0
5
72
0
0
155
0
5
73
0
0
124
0
5
74
0
0
192
0
5
75
0
0
244
0
5
76
0
0
79
0
5
77
0
0
63
0
5
78
0
5
255
0
5
79
0
5
255
0
6
0
0
0
30
0
6
1
0
0
182
0
6
2
0
0
226
0
6
3
0
0
103
0
6
4
0
0
134
0
6
5
0
0
21
0
6
6
0
0
29
0
6
7
0
0
211
0
6
8
0
0
92
0
6
9
0
0
75
0
6
10
0
0
74
0
6
11
0
0
1
0
6
12
0
0
88
0
6
13
0
2
0
0
6
14
0
2
0
0
6
15
0
2
0
0
6
16
0
2
0
0
6
17
0
2
0
0
6
18
0
2
0
0
6
19
0
2
0
0
6
20
0
2
0
0
6
21
0
2
0
0
6
22
0
2
0
0
6
23
0
2
0
0
6
24
0
2
0
0
6
25
0
2
0
0
6
26
0
2
0
0
6
27
0
2
0
0
6
28
0
2
0
0
6
29
0
2
0
0
6
30
0
2
0
0
6
31
0
2
0
0
6
32
0
2
0
0
6
33
0
2
0
0
6
34
0
2
0
0
6
35
0
2
0
0
6
36
0
2
0
0
6
37
0
0
243
0
6
38
0
0
115
0
6
39
0
0
90
0
6
40
0
0
55
0
6
41
0
0
180
0
6
42
0
0
90
0
6
43
0
0
142
0
6
44
0
0
239
0
6
45
0
0
91
0
6
46
0
0
208
0
6
47
0
2
0
0
6
48
0
2
0
0
6
49
0
2
0
0
6
50
0
2
0
0
6
51
0
2
0
0
6
52
0
2
0
0
6
53
0
2
0
0
6
54
0
2
0
0
6
55
0
2
0
0
6
56
0
2
0
0
6
57
0
0
104
0
6
58
0
0
65
0
6
59
0
0
18
0
6
60
0
0
210
0
6
61
0
0
79
0
6
62
0
0
145
0
6
63
0
0
235
0
6
64
0
0
65
0
6
65
0
0
104
0
6
66
0
0
131
0
6
67
0
0
63
0
6
68
0
1
0
0
6
69
0
1
0
0
6
70
0
1
0
0
6
71
0
1
0
0
6
72
0
0
163
0
6
73
0
0
242
0
6
74
0
0
26
0
6
75
0
0
140
0
6
76
0
0
70
0
6
77
0
0
225
0
6
78
0
5
255
0
6
79
0
5
255
0
7
0
0
0
169
0
7
1
0
0
85
0
7
2
0
0
126
0
7
3
0
0
214
0
7
4
0
0
215
0
7
5
0
0
67
0
7
6
0
0
222
0
7
7
0
0
134
0
7
8
0
0
170
0
7
9
0
0
33
0
7
10
0
0
151
0
7
11
0
0
118
0
7
12
0
0
103
0
7
13
0
2
0
0
7
14
0
2
0
0
7
15
0
0
159
0
7
16
0
0
136
0
7
17
0
2
0
0
7
18
0
2
0
0
7
19
0
2
0
0
7
20
0
2
0
0
7
21
0
0
119
0
7
22
0
2
0
0
7
23
0
2
0
0
7
24
0
2
0
0
7
25
0
2
0
0
7
26
0
2
0
0
7
27
0
2
0
0
7
28
0
2
0
0
7
29
0
2
0
0
7
30
0
2
0
0
7
31
0
2
0
0
7
32
0
2
0
0
7
33
0
2
0
0
7
34
0
2
0
0
7
35
0
2
0
0
7
36
0
2
0
0
7
37
0
2
0
0
7
38
0
0
212
0
7
39
0
0
91
0
7
40
0
0
193
0
7
41
0
0
100
0
7
42
0
0
200
0
7
43
0
0
42
0
7
44
0
0
132
0
7
45
0
0
28
0
7
46
0
0
200
0
7
47
0
0
6
0
7
48
0
0
248
0
7
49
0
0
167
0
7
50
0
0
217
0
7
51
0
2
0
0
7
52
0
2
0
0
7
53
0
2
0
0
7
54
0
2
0
0
7
55
0
2
0
0
7
56
0
2
0
0
7
57
0
2
0
0
7
58
0
2
0
0
7
59
0
2
0
0
7
60
0
2
0
0
7
61
0
2
0
0
7
62
0
2
0
0
7
63
0
2
0
0
7
64
0
2
0
0
7
65
0
2
0
0
7
66
0
2
0
0
7
67
0
2
0
0
7
68
0
1
0
0
7
69
0
1
0
0
7
70
0
1
0
0
7
71
0
1
0
0
7
72
0
0
69
0
7
73
0
0
98
0
7
74
0
0
87
0
7
75
0
0
192
0
7
76
0
0
117
0
7
77
0
0
24
0
7
78
0
5
255
0
7
79
0
5
255
0
8
0
0
0
182
0
8
1
0
0
151
0
8
2
0
0
36
0
8
3
0
0
204
0
8
4
0
0
208
0
8
5
0
0
66
0
8
6
0
0
69
0
8
7
0
0
130
0
8
8
0
0
76
0
8
9
0
0
101
0
8
10
0
0
133
0
8
11
0
0
128
0
8
12
0
0
132
0
8
13
0
0
132
0
8
14
0
0
52
0
8
15
0
0
19
0
8
16
0
0
78
0
8
17
0
0
63
0
8
18
0
0
80
0
8
19
0
0
185
0
8
20
0
2
0
0
8
21
0
2
0
0
8
22
0
2
0
1
8
23
0
2
0
1
8
24
0
2
0
1
8
25
0
0
54
0
8
26
0
0
13
0
8
27
0
0
176
0
8
28
0
0
77
0
8
29
0
0
202
0
8
30
0
0
24
0
8
31
0
0
251
0
8
32
0
2
0
0
8
33
0
2
0
0
8
34
0
0
200
0
8
35
0
2
0
0
8
36
0
0
108
0
8
37
0
2
0
0
8
38
0
2
0
0
8
39
0
0
183
0
8
40
0
0
107
0
8
41
0
0
43
0
8
42
0
0
48
0
8
43
0
0
230
0
8
44
0
0
174
0
8
45
0
0
100
0
8
46
0
0
240
0
8
47
0
0
252
0
8
48
0
0
162
0
8
49
0
0
58
0
8
50
0
0
174
0
8
51
0
0
177
0
8
52
0
0
27
0
8
53
0
0
149
0
8
54
0
0
252
0
8
55
0
0
78
0
8
56
0
0
202
0
8
57
0
0
11
0
8
58
0
0
254
0
8
59
0
0
16
0
8
60
0
0
212
0
8
61
0
0
15
0
8
62
0
0
12
0
8
63
0
0
47
0
8
64
0
0
65
0
8
65
0
0
204
0
8
66
0
0
82
0
8
67
0
0
173
0
8
68
0
1
0
0
8
69
0
1
0
0
8
70
0
1
0
0
8
71
0
1
0
0
8
72
0
0
33
0
8
73
0
0
141
0
8
74
0
0
29
0
8
75
0
0
207
0
8
76
0
0
240
0
8
77
0
0
15
0
8
78
0
5
255
0
8
79
0
5
255
0
9
0
0
0
72
0
9
1
0
0
115
0
9
2
0
0
54
0
9
3
0
0
98
0
9
4
0
0
1
0
9
5
0
0
51
0
9
6
0
0
176
0
9
7
0
0
202
0
9
8
0
0
61
0
9
9
0
0
167
0
9
10
0
0
209
0
9
11
0
0
10
0
9
12
0
0
181
0
9
13
0
0
213
0
9
14
0
0
49
0
9
15
0
0
237
0
9
16
0
0
154
0
9
17
0
0
130
0
9
18
0
0
147
0
9
19
0
0
109
0
9
20
0
0
120
0
9
21
0
2
0
0
9
22
0
1
0
1
9
23
0
1
0
1
9
24
0
1
0
1
9
25
0
1
0
1
9
26
0
1
0
1
9
27
0
0
103
0
9
28
0
0
196
0
9
29
0
0
30
0
9
30
0
0
233
0
9
31
0
0
13
0
9
32
0
0
136
0
9
33
0
2
0
0
9
34
0
2
0
0
9
35
0
2
0
0
9
36
0
2
0
0
9
37
0
2
0
0
9
38
0
2
0
0
9
39
0
2
0
0
9
40
0
2
0
0
9
41
0
2
0
0
9
42
0
0
137
0
9
43
0
0
100
0
9
44
0
0
241
0
9
45
0
0
177
0
9
46
0
0
82
0
9
47
0
0
132
0
9
48
0
0
44
0
9
49
0
0
229
0
9
50
0
0
232
0
9
51
0
0
163
0
9
52
0
0
206
0
9
53
0
0
131
0
9
54
0
0
53
0
9
55
0
0
69
0
9
56
0
0
59
0
9
57
0
0
141
0
9
58
0
0
163
0
9
59
0
1
0
0
9
60
0
1
0
0
9
61
0
1
0
0
9
62
0
1
0
0
9
63
0
1
0
0
9
64
0
0
157
0
9
65
0
2
0
0
9
66
0
2
0
0
9
67
0
2
0
0
9
68
0
1
0
0
9
69
0
1
0
0
9
70
0
1
0
0
9
71
0
1
0
0
9
72
0
0
27
0
9
73
0
0
231
0
9
74
0
0
156
0
9
75
0
0
5
0
9
76
0
0
145
0
9
77
0
0
237
0
9
78
0
5
255
0
9
79
0
5
255
0
10
0
0
0
203
0
10
1
0
0
106
0
10
2
0
0
89
0
10
3
0
0
154
0
10
4
0
0
237
0
10
5
0
0
133
0
10
6
0
0
214
0
10
7
0
0
41
0
10
8
0
0
20
0
10
9
0
0
122
0
10
10
0
0
40
0
10
11
0
0
181
0
10
12
0
0
1
0
10
13
0
0
52
0
10
14
0
0
224
0
10
15
0
0
157
0
10
16
0
0
158
0
10
17
0
0
147
0
10
18
0
0
125
0
10
19
0
0
41
0
10
20
0
2
0
0
10
21
0
2
0
0
10
22
0
1
0
1
10
23
0
1
0
1
10
24
0
1
0
1
10
25
0
1
0
1
10
26
0
1
0
1
10
27
1
1
2
the Aegis
)
1
30
17000
3
0
10
41
0
24
0+0d1
0
78
0
10
28
0
0
227
0
10
29
0
0
33
0
10
30
0
0
12
0
10
31
0
0
167
0
10
32
0
0
139
0
10
33
0
0
100
0
10
34
0
2
0
0
10
35
0
2
0
0
10
36
0
0
232
0
10
37
0
1
0
0
10
38
0
1
0
0
10
39
0
1
0
0
10
40
0
1
0
0
10
41
0
2
0
0
10
42
0
0
162
0
10
43
0
0
132
0
10
44
0
0
236
0
10
45
0
0
131
0
10
46
0
0
26
0
10
47
0
0
139
0
10
48
0
0
15
0
10
49
0
0
150
0
10
50
0
0
172
0
10
51
0
0
151
0
10
52
0
0
114
0
10
53
0
0
6
0
10
54
0
0
59
0
10
55
0
0
47
0
10
56
0
0
250
0
10
57
0
0
210
0
10
58
0
0
125
0
10
59
0
1
0
0
10
60
0
1
0
0
10
61
0
1
0
0
10
62
0
1
0
0
10
63
0
1
0
0
10
64
0
2
0
0
10
65
0
2
0
0
10
66
0
0
246
0
10
67
0
0
196
0
10
68
0
1
0
0
10
69
0
1
0
0
10
70
0
1
0
0
10
71
0
1
0
0
10
72
0
0
82
0
10
73
0
0
92
0
10
74
0
0
210
0
10
75
0
0
63
0
10
76
0
0
214
0
10
77
0
0
235
0
10
78
0
5
255
0
10
79
0
5
255
0
11
0
0
0
122
0
11
1
0
0
110
0
11
2
0
0
117
0
11
3
0
0
235
0
11
4
0
0
116
0
11
5
0
0
167
0
11
6
0
0
20
0
11
7
0
0
111
0
11
8
0
0
122
0
11
9
0
0
144
0
11
10
0
0
70
0
11
11
0
0
110
0
11
12
0
0
17
0
11
13
0
0
187
0
11
14
0
0
227
0
11
15
0
0
235
0
11
16
0
0
117
0
11
17
0
0
211
0
11
18
0
0
176
0
11
19
0
2
0
0
11
20
0
2
0
0
11
21
0
0
98
0
11
22
0
1
0
1
11
23
0
1
0
1
11
24
0
1
0
1
11
25
0
1
0
1
11
26
0
1
0
1
11
27
0
0
148
0
11
28
0
0
69
0
11
29
0
0
174
0
11
30
0
0
114
0
11
31
0
0
190
0
11
32
0
0
29
0
11
33
0
0
230
0
11
34
0
0
162
0
11
35
0
2
0
0
11
36
0
2
0
0
11
37
0
1
0
0
11
38
0
1
0
0
11
39
0
1
0
0
11
40
0
1
0
0
11
41
0
0
53
0
11
42
0
0
103
0
11
43
0
0
70
0
11
44
0
0
240
0
11
45
0
0
75
0
11
46
0
0
50
0
11
47
0
0
94
0
11
48
0
0
31
0
11
49
0
0
226
0
11
50
0
0
157
0
11
51
0
0
123
0
11
52
0
0
69
0
11
53
0
0
44
0
11
54
0
0
41
0
11
55
0
0
250
0
11
56
0
0
132
0
11
57
0
0
14
0
11
58
0
0
135
0
11
59
0
1
0
0
11
60
0
1
0
0
11
61
0
1
0
0
11
62
0
1
0
0
11
63
0
1
0
0
11
64
0
0
215
0
11
65
0
0
34
0
11
66
0
0
81
0
11
67
0
0
95
0
11
68
0
0
215
0
11
69
0
0
64
0
11
70
0
0
96
0
11
71
0
0
14
0
11
72
0
0
109
0
11
73
0
0
198
0
11
74
0
0
84
0
11
75
0
0
86
0
11
76
0
0
10
0
11
77
0
0
133
0
11
78
0
5
255
0
11
79
0
5
255
0
12
0
0
0
96
0
12
1
0
0
81
0
12
2
0
0
163
0
12
3
0
0
157
0
12
4
0
0
116
0
12
5
0
0
195
0
12
6
0
0
152
0
12
7
0
0
247
0
12
8
0
0
208
0
12
9
0
0
32
0
12
10
0
0
184
0
12
11
0
0
132
0
12
12
0
0
10
0
12
13
0
0
64
0
12
14
0
0
77
0
12
15
0
0
224
0
12
16
0
2
0
0
12
17
0
2
0
0
12
18
0
2
0
0
12
19
0
2
0
0
12
20
0
0
212
0
12
21
0
0
143
0
12
22
0
1
0
1
12
23
0
1
0
1
12
24
0
1
0
1
12
25
0
1
0
1
12
26
0
1
0
1
12
27
0
0
88
0
12
28
0
0
16
0
12
29
0
0
67
0
12
30
0
0
120
0
12
31
0
0
112
0
12
32
0
0
139
0
12
33
0
0
20
0
12
34
0
0
14
0
12
35
0
0
254
0
12
36
0
2
0
0
12
37
0
1
0
0
12
38
0
1
0
0
12
39
0
4
0
0
12
40
0
1
0
0
12
41
0
0
167
0
12
42
0
0
29
0
12
43
0
0
189
0
12
44
0
0
222
0
12
45
0
1
0
0
12
46
0
1
0
0
12
47
0
1
0
0
12
48
0
1
0
0
12
49
0
0
206
0
12
50
0
0
105
0
12
51
0
0
211
0
12
52
0
0
87
0
12
53
0
0
159
0
12
54
0
0
14
0
12
55
0
0
156
0
12
56
0
0
42
0
12
57
0
0
157
0
12
58
0
0
235
0
12
59
0
1
0
0
12
60
0
1
0
0
12
61
0
1
0
0
12
62
0
1
0
0
12
63
0
1
0
0
12
64
0
0
111
0
12
65
0
0
166
0
12
66
0
0
99
0
12
67
0
0
63
0
12
68
0
0
60
0
12
69
0
0
75
0
12
70
0
0
214
0
12
71
0
0
239
0
12
72
0
0
241
0
12
73
0
0
242
0
12
74
0
0
174
0
12
75
0
0
201
0
12
76
0
0
93
0
12
77
0
0
70
0
12
78
0
5
255
0
12
79
0
5
255
0
13
0
0
0
13
0
13
1
0
0
99
0
13
2
0
0
39
0
13
3
0
0
91
0
13
4
0
0
250
0
13
5
0
0
45
0
13
6
0
0
247
0
13
7
0
0
37
0
13
8
0
0
201
0
13
9
0
0
227
0
13
10
0
0
86
0
13
11
0
1
0
0
13
12
0
1
0
0
13
13
0
1
0
0
13
14
0
1
0
0
13
15
0
1
0
0
13
16
0
2
0
0
13
17
0
0
105
0
13
18
0
0
229
0
13
19
0
0
200
0
13
20
0
0
179
0
13
21
0
0
188
0
13
22
0
1
0
0
13
23
0
1
0
0
13
24
0
1
0
0
13
25
0
1
0
0
13
26
0
1
0
0
13
27
0
0
6
0
13
28
0
0
157
0
13
29
0
0
97
0
13
30
0
0
88
0
13
31
0
0
161
0
13
32
0
0
188
0
13
33
0
0
119
0
13
34
0
0
252
0
13
35
0
0
183
0
13
36
0
0
163
0
13
37
0
1
0
0
13
38
0
1
0
0
13
39
0
1
0
0
13
40
0
1
0
0
13
41
0
0
35
0
13
42
0
0
15
0
13
43
0
0
18
0
13
44
0
0
10
0
13
45
0
1
0
0
13
46
0
1
0
0
13
47
0
1
0
0
13
48
0
1
0
0
13
49
0
0
151
0
13
50
0
0
88
0
13
51
0
0
49
0
13
52
0
0
77
0
13
53
0
0
10
0
13
54
0
0
197
0
13
55
0
0
252
0
13
56
0
0
97
0
13
57
0
0
38
0
13
58
0
0
249
0
13
59
0
2
0
0
13
60
0
2
0
0
13
61
0
0
82
0
13
62
0
2
0
0
13
63
0
0
59
0
13
64
0
0
192
0
13
65
0
0
149
0
13
66
0
0
233
0
13
67
0
0
100
0
13
68
0
0
130
0
13
69
0
0
182
0
13
70
0
0
208
0
13
71
0
0
83
0
13
72
0
0
208
0
13
73
0
0
215
0
13
74
0
0
93
0
13
75
0
0
209
0
13
76
0
0
243
0
13
77
0
0
15
0
13
78
0
5
255
0
13
79
0
5
255
0
14
0
0
0
165
0
14
1
0
0
177
0
14
2
0
0
153
0
14
3
0
0
241
0
14
4
0
0
178
0
14
5
0
0
87
0
14
6
0
0
230
0
14
7
0
0
21
0
14
8
0
0
124
0
14
9
0
0
216
0
14
10
0
0
11
0
14
11
0
1
0
0
14
12
0
1
0
0
14
13
0
1
0
0
14
14
0
1
0
0
14
15
0
1
0
0
14
16
0
0
48
0
14
17
0
0
17
0
14
18
0
0
73
0
14
19
0
0
177
0
14
20
0
0
190
0
14
21
0
0
18
0
14
22
0
0
252
0
14
23
0
0
143
0
14
24
0
0
232
0
14
25
0
0
82
0
14
26
0
2
0
0
14
27
0
2
0
0
14
28
0
0
96
0
14
29
0
0
186
0
14
30
0
0
62
0
14
31
0
0
252
0
14
32
0
0
108
0
14
33
0
0
206
0
14
34
0
0
231
0
14
35
0
0
31
0
14
36
0
0
39
0
14
37
0
1
0
0
14
38
0
1
0
0
14
39
0
1
0
0
14
40
0
1
0
0
14
41
0
0
46
0
14
42
0
0
149
0
14
43
0
0
195
0
14
44
0
0
207
0
14
45
0
1
0
0
14
46
0
1
0
0
14
47
0
1
0
0
14
48
0
1
0
0
14
49
0
0
239
0
14
50
0
0
161
0
14
51
0
0
130
0
14
52
0
0
249
0
14
53
0
0
150
0
14
54
0
0
10
0
14
55
0
0
226
0
14
56
0
0
231
0
14
57
0
0
98
0
14
58
0
2
0
0
14
59
0
2
0
0
14
60
0
0
29
0
14
61
0
0
245
0
14
62
0
0
54
0
14
63
0
0
128
0
14
64
0
0
197
0
14
65
0
0
30
0
14
66
0
0
159
0
14
67
0
0
227
0
14
68
0
0
219
0
14
69
0
0
193
0
14
70
0
0
134
0
14
71
0
0
124
0
14
72
0
0
238
0
14
73
0
0
21
0
14
74
0
0
64
0
14
75
0
0
183
0
14
76
0
0
207
0
14
77
0
0
223
0
14
78
0
5
255
0
14
79
0
5
255
0
15
0
0
0
199
0
15
1
0
0
81
0
15
2
0
0
22
0
15
3
0
0
193
0
15
4
0
0
223
0
15
5
0
0
23
0
15
6
0
0
165
0
15
7
0
0
199
0
15
8
0
0
120
0
15
9
0
0
86
0
15
10
0
0
1
0
15
11
0
1
0
0
15
12
0
1
0
0
15
13
0
1
0
0
15
14
0
1
0
0
15
15
0
1
0
0
15
16
0
0
75
0
15
17
0
0
172
0
15
18
0
0
228
0
15
19
0
0
39
0
15
20
0
0
111
0
15
21
0
0
100
0
15
22
0
0
155
0
15
23
0
0
94
0
15
24
0
2
0
0
15
25
0
2
0
0
15
26
0
2
0
0
15
27
0
2
0
0
15
28
0
2
0
0
15
29
0
0
188
0
15
30
0
0
202
0
15
31
0
0
123
0
15
32
0
0
7
0
15
33
0
0
223
0
15
34
0
0
61
0
15
35
0
0
229
0
15
36
0
0
245
0
15
37
0
1
0
0
15
38
0
1
0
0
15
39
0
1
0
0
15
40
0
1
0
0
15
41
0
0
165
0
15
42
0
0
250
0
15
43
0
0
108
0
15
44
0
0
210
0
15
45
0
1
0
0
15
46
0
1
0
0
15
47
0
1
0
0
15
48
0
1
0
0
15
49
0
2
0
0
15
50
0
2
0
0
15
51
0
2
0
0
15
52
0
2
0
0
15
53
0
2
0
0
15
54
0
2
0
0
15
55
0
2
0
0
15
56
0
2
0
0
15
57
0
2
0
0
15
58
0
2
0
0
15
59
0
0
78
0
15
60
0
0
62
0
15
61
0
0
41
0
15
62
0
0
192
0
15
63
0
0
68
0
15
64
0
0
1
0
15
65
0
0
252
0
15
66
0
0
42
0
15
67
0
1
0
0
15
68
0
1
0
0
15
69
0
1
0
0
15
70
0
1
0
0
15
71
0
1
0
0
15
72
0
1
0
0
15
73
0
1
0
0
15
74
0
1
0
0
15
75
0
1
0
0
15
76
0
0
73
0
15
77
0
0
200
0
15
78
0
5
255
0
15
79
0
5
255
0
16
0
0
0
20
0
16
1
0
0
146
0
16
2
0
0
20
0
16
3
0
0
185
0
16
4
0
0
90
0
16
5
0
0
134
0
16
6
0
0
215
0
16
7
0
0
243
0
16
8
0
0
7
0
16
9
0
0
46
0
16
10
0
0
66
0
16
11
0
1
0
0
16
12
0
1
0
0
16
13
0
1
0
0
16
14
0
1
0
0
16
15
0
1
0
0
16
16
0
0
247
0
16
17
0
0
168
0
16
18
0
0
44
0
16
19
0
0
191
0
16
20
0
0
112
0
16
21
0
0
119
0
16
22
0
0
182
0
16
23
0
2
0
0
16
24
0
2
0
0
16
25
0
0
19
0
16
26
0
0
37
0
16
27
0
0
254
0
16
28
0
2
0
0
16
29
0
2
0
0
16
30
0
2
0
0
16
31
0
0
221
0
16
32
0
0
5
0
16
33
0
0
2
0
16
34
0
0
151
0
16
35
0
0
94
0
16
36
0
0
127
0
16
37
0
1
0
0
16
38
0
1
0
0
16
39
0
1
0
0
16
40
0
1
0
0
16
41
0
0
140
0
16
42
0
2
0
0
16
43
0
0
217
0
16
44
0
2
0
0
16
45
0
1
0
0
16
46
0
1
0
0
16
47
0
1
0
0
16
48
0
1
0
0
16
49
0
0
67
0
16
50
0
0
63
0
16
51
0
0
74
0
16
52
0
0
177
0
16
53
0
0
236
0
16
54
0
0
39
0
16
55
0
0
105
0
16
56
0
0
246
0
16
57
0
0
67
0
16
58
0
0
96
0
16
59
0
0
201
0
16
60
0
0
189
0
16
61
0
0
86
0
16
62
0
0
167
0
16
63
0
0
193
0
16
64
0
0
87
0
16
65
0
0
63
0
16
66
0
0
33
0
16
67
0
1
0
0
16
68
0
1
0
0
16
69
0
1
0
0
16
70
0
1
0
0
16
71
0
1
0
0
16
72
0
1
0
0
16
73
0
4
0
0
16
74
0
1
0
0
16
75
0
1
0
0
16
76
0
0
62
0
16
77
0
0
19
0
16
78
0
5
255
0
16
79
0
5
255
0
17
0
0
0
77
0
17
1
0
0
52
0
17
2
0
0
89
0
17
3
0
0
246
0
17
4
0
0
34
0
17
5
0
0
119
0
17
6
0
0
96
0
17
7
0
0
25
0
17
8
0
0
186
0
17
9
0
0
191
0
17
10
0
0
218
0
17
11
0
1
0
0
17
12
0
1
0
0
17
13
0
1
0
0
17
14
0
1
0
0
17
15
0
1
0
0
17
16
0
0
185
0
17
17
0
0
74
0
17
18
0
0
44
0
17
19
0
0
79
0
17
20
0
0
180
0
17
21
0
0
119
0
17
22
0
2
0
0
17
23
0
2
0
0
17
24
0
0
124
0
17
25
0
0
108
0
17
26
0
0
35
0
17
27
0
0
177
0
17
28
0
0
119
0
17
29
0
0
33
0
17
30
0
2
0
0
17
31
0
2
0
0
17
32
0
2
0
0
17
33
0
2
0
0
17
34
0
2
0
0
17
35
0
2
0
0
17
36
0
2
0
0
17
37
0
2
0
0
17
38
0
2
0
0
17
39
0
2
0
0
17
40
0
2
0
0
17
41
0
2
0
0
17
42
0
2
0
0
17
43
0
2
0
0
17
44
0
2
0
0
17
45
0
1
0
0
17
46
0
1
0
0
17
47
0
1
0
0
17
48
0
1
0
0
17
49
0
2
0
0
17
50
0
2
0
0
17
51
0
2
0
0
17
52
0
2
0
0
17
53
0
2
0
0
17
54
0
2
0
0
17
55
0
2
0
0
17
56
0
2
0
0
17
57
0
2
0
0
17
58
0
2
0
0
17
59
0
2
0
0
17
60
0
2
0
0
17
61
0
2
0
0
17
62
0
2
0
0
17
63
0
2
0
0
17
64
0
2
0
0
17
65
0
2
0
0
17
66
0
2
0
0
17
67
0
1
0
0
17
68
0
1
0
0
17
69
0
1
0
0
17
70
0
1
0
0
17
71
0
1
0
0
17
72
0
1
0
0
17
73
0
1
0
0
17
74
0
1
0
0
17
75
0
1
0
0
17
76
0
0
44
0
17
77
0
0
98
0
17
78
0
5
255
0
17
79
0
5
255
0
18
0
0
0
179
0
18
1
0
0
72
0
18
2
0
0
65
0
18
3
0
0
123
0
18
4
0
0
132
0
18
5
0
0
194
0
18
6
0
0
191
0
18
7
0
0
53
0
18
8
0
0
103
0
18
9
0
0
173
0
18
10
0
0
85
0
18
11
0
0
44
0
18
12
0
0
93
0
18
13
0
2
0
0
18
14
0
2
0
0
18
15
0
2
0
0
18
16
0
2
0
0
18
17
0
2
0
0
18
18
0
2
0
0
18
19
0
2
0
0
18
20
0
2
0
0
18
21
0
2
0
0
18
22
0
2
0
0
18
23
0
0
169
0
18
24
0
0
57
0
18
25
0
0
239
0
18
26
0
0
161
0
18
27
0
0
100
0
18
28
0
0
75
0
18
29
0
0
22
0
18
30
0
0
183
0
18
31
0
0
253
0
18
32
0
0
93
0
18
33
0
0
239
0
18
34
0
0
121
0
18
35
0
0
216
0
18
36
0
0
178
0
18
37
0
0
49
0
18
38
0
0
14
0
18
39
0
0
18
0
18
40
0
0
221
0
18
41
0
0
90
0
18
42
0
0
61
0
18
43
0
0
59
0
18
44
0
0
130
0
18
45
0
0
105
0
18
46
0
0
82
0
18
47
0
0
58
0
18
48
0
0
249
0
18
49
0
0
180
0
18
50
0
0
145
0
18
51
0
0
120
0
18
52
0
0
167
0
18
53
0
0
70
0
18
54
0
0
26
0
18
55
0
0
215
0
18
56
0
0
54
0
18
57
0
0
178
0
18
58
0
0
52
0
18
59
0
0
128
0
18
60
0
0
199
0
18
61
0
0
234
0
18
62
0
0
126
0
18
63
0
0
29
0
18
64
0
0
219
0
18
65
0
0
239
0
18
66
0
0
244
0
18
67
0
0
134
0
18
68
0
0
33
0
18
69
0
0
250
0
18
70
0
0
152
0
18
71
0
0
254
0
18
72
0
0
77
0
18
73
0
0
204
0
18
74
0
0
50
0
18
75
0
0
207
0
18
76
0
0
46
0
18
77
0
0
123
0
18
78
0
5
255
0
18
79
0
5
255
0
19
0
0
0
48
0
19
1
0
0
146
0
19
2
0
0
152
0
19
3
0
0
215
0
19
4
0
0
215
0
19
5
0
0
177
0
19
6
0
0
175
0
19
7
0
0
7
0
19
8
0
0
101
0
19
9
0
0
227
0
19
10
0
0
134
0
19
11
0
0
37
0
19
12
0
0
198
0
19
13
0
0
252
0
19
14
0
0
66
0
19
15
0
0
154
0
19
16
0
0
228
0
19
17
0
0
47
0
19
18
0
0
34
0
19
19
0
0
6
0
19
20
0
0
42
0
19
21
0
0
177
0
19
22
0
0
5
0
19
23
0
0
119
0
19
24
0
0
118
0
19
25
0
0
47
0
19
26
0
0
63
0
19
27
0
0
164
0
19
28
0
0
169
0
19
29
0
0
64
0
19
30
0
0
196
0
19
31
0
0
217
0
19
32
0
0
209
0
19
33
0
0
93
0
19
34
0
0
169
0
19
35
0
0
162
0
19
36
0
0
7
0
19
37
0
0
81
0
19
38
0
0
168
0
19
39
0
0
99
0
19
40
0
0
45
0
19
41
0
0
39
0
19
42
0
0
136
0
19
43
0
0
235
0
19
44
0
0
36
0
19
45
0
0
193
0
19
46
0
0
134
0
19
47
0
0
9
0
19
48
0
0
239
0
19
49
0
0
159
0
19
50
0
0
7
0
19
51
0
0
19
0
19
52
0
0
81
0
19
53
0
0
3
0
19
54
0
0
129
0
19
55
0
0
191
0
19
56
0
0
49
0
19
57
0
0
191
0
19
58
0
0
100
0
19
59
0
0
210
0
19
60
0
0
246
0
19
61
0
0
41
0
19
62
0
0
164
0
19
63
0
0
192
0
19
64
0
0
125
0
19
65
0
0
70
0
19
66
0
0
99
0
19
67
0
0
131
0
19
68
0
0
150
0
19
69
0
0
12
0
19
70
0
0
230
0
19
71
0
0
187
0
19
72
0
0
51
0
19
73
0
0
103
0
19
74
0
0
167
0
19
75
0
0
78
0
19
76
0
0
41
0
19
77
0
0
46
0
19
78
0
5
255
0
19
79
0
5
255
0
20
0
0
5
255
0
20
1
0
5
255
0
20
2
0
5
255
0
20
3
0
5
255
0
20
4
0
5
255
0
20
5
0
5
255
0
20
6
0
5
255
0
20
7
0
5
255
0
20
8
0
5
255
0
20
9
0
5
255
0
20
10
0
5
255
0
20
11
0
5
255
0
20
12
0
5
255
0
20
13
0
5
255
0
20
14
0
5
255
0
20
15
0
5
255
0
20
16
0
5
255
0
20
17
0
5
255
0
20
18
0
5
255
0
20
19
0
5
255
0
20
20
0
5
255
0
20
21
0
5
255
0
20
22
0
5
255
0
20
23
0
5
255
0
20
24
0
5
255
0
20
25
0
5
255
0
20
26
0
5
255
0
20
27
0
5
255
0
20
28
0
5
255
0
20
29
0
5
255
0
20
30
0
5
255
0
20
31
0
5
255
0
20
32
0
5
255
0
20
33
0
5
255
0
20
34
0
5
255
0
20
35
0
5
255
0
20
36
0
5
255
0
20
37
0
5
255
0
20
38
0
5
255
0
20
39
0
5
255
0
20
40
0
5
255
0
20
41
0
5
255
0
20
42
0
5
255
0
20
43
0
5
255
0
20
44
0
5
255
0
20
45
0
5
255
0
20
46
0
5
255
0
20
47
0
5
255
0
20
48
0
5
255
0
20
49
0
5
255
0
20
50
0
5
255
0
20
51
0
5
255
0
20
52
0
5
255
0
20
53
0
5
255
0
20
54
0
5
255
0
20
55
0
5
255
0
20
56
0
5
255
0
20
57
0
5
255
0
20
58
0
5
255
0
20
59
0
5
255
0
20
60
0
5
255
0
20
61
0
5
255
0
20
62
0
5
255
0
20
63
0
5
255
0
20
64
0
5
255
0
20
65
0
5
255
0
20
66
0
5
255
0
20
67
0
5
255
0
20
68
0
5
255
0
20
69
0
5
255
0
20
70
0
5
255
0
20
71
0
5
255
0
20
72
0
5
255
0
20
73
0
5
255
0
20
74
0
5
255
0
20
75
0
5
255
0
20
76
0
5
255
0
20
77
0
5
255
0
20
78
0
5
255
0
20
79
0
12
0
5
5
9
23
1
5
5
13
12
2
3
5
3
33
3
4
4
1
59
4
3
4
3
47
5
7
4
4
69
6
6
4
12
46
7
4
5
9
60
8
3
4
2
25
9
7
4
10
38
10
3
6
3
11
11
3
9
15
68
2
1
1
0
1
Titan
M
9
39
7
898
25+3d6
0
5
20

